-0.180843 0.113985 1.26112 0.996871 -0.000194478 0.0790486 0.000643774	-0.180674 0.112763 1.26125 0.99688 -3.88777e-06 0.0789255 0.000628038	0.000535	0.000527
-0.180674 0.112763 1.26125 0.99688 -3.88777e-06 0.0789255 0.000628038	-0.180711 0.112836 1.26341 0.996889 1.35179e-05 0.0788115 0.000605269	0.021976	0.021932
-0.180711 0.112836 1.26341 0.996889 1.35179e-05 0.0788115 0.000605269	-0.181142 0.112851 1.26568 0.996887 -3.51603e-07 0.0788378 0.000608965	0.025448	0.025449
-0.181142 0.112851 1.26568 0.996887 -3.51603e-07 0.0788378 0.000608965	-0.181696 0.112745 1.26789 0.996881 9.03707e-06 0.078916 0.000566884	0.023634	0.023634
-0.181696 0.112745 1.26789 0.996881 9.03707e-06 0.078916 0.000566884	-0.181993 0.112864 1.27019 0.996883 2.05682e-06 0.0788898 0.000612779	0.023634	0.023635
-0.181993 0.112864 1.27019 0.996883 2.05682e-06 0.0788898 0.000612779	-0.182888 0.112952 1.27466 0.996878 -5.50508e-06 0.07896 0.000644847	0.049086	0.049087
-0.182888 0.112952 1.27466 0.996878 -5.50508e-06 0.07896 0.000644847	-0.183516 0.112927 1.27926 0.996881 -6.10732e-06 0.0789191 0.000632806	0.049086	0.049087
-0.183516 0.112927 1.27926 0.996881 -6.10732e-06 0.0789191 0.000632806	-0.183629 0.112901 1.28154 0.996888 4.18093e-06 0.0788245 0.000622912	0.023633	0.023635
-0.183629 0.112901 1.28154 0.996888 4.18093e-06 0.0788245 0.000622912	-0.184623 0.112863 1.28599 0.99688 -2.1278e-06 0.0789333 0.000605388	0.049086	0.049087
-0.184623 0.112863 1.28599 0.99688 -2.1278e-06 0.0789333 0.000605388	-0.185639 0.112968 1.29047 0.996871 -7.98727e-06 0.0790473 0.000644489	0.047268	0.047269
-0.185639 0.112968 1.29047 0.996871 -7.98727e-06 0.0790473 0.000644489	-0.185978 0.113014 1.29508 0.996882 -6.53934e-06 0.0788984 0.000659986	0.049086	0.049087
-0.185978 0.113014 1.29508 0.996882 -6.53934e-06 0.0788984 0.000659986	-0.186546 0.112952 1.29728 0.996876 3.38554e-06 0.0789811 0.000635548	0.023634	0.023635
-0.186546 0.112952 1.29728 0.996876 3.38554e-06 0.0789811 0.000635548	-0.187613 0.113011 1.3017 0.996865 -4.88555e-07 0.0791169 0.000656052	0.049085	0.049087
-0.187613 0.113011 1.3017 0.996865 -4.88555e-07 0.0791169 0.000656052	-0.188042 0.113011 1.30631 0.996874 -7.63626e-06 0.0790013 0.000653668	0.049086	0.049087
-0.188042 0.113011 1.30631 0.996874 -7.63626e-06 0.0790013 0.000653668	-0.188626 0.113086 1.31085 0.996878 -7.51459e-06 0.0789497 0.000680729	0.047268	0.04727
-0.188626 0.113086 1.31085 0.996878 -7.51459e-06 0.0789497 0.000680729	-0.18897 0.1131 1.31313 0.996879 -1.07969e-05 0.0789429 0.000684663	0.025452	0.025452
-0.18897 0.1131 1.31313 0.996879 -1.07969e-05 0.0789429 0.000684663	-0.190024 0.113099 1.31762 0.996869 -1.85084e-05 0.0790681 0.000681563	0.049086	0.049087
-0.190024 0.113099 1.31762 0.996869 -1.85084e-05 0.0790681 0.000681563	-0.190742 0.113214 1.32209 0.996869 -1.45564e-05 0.0790696 0.000723644	0.047267	0.04727
-0.190742 0.113214 1.32209 0.996869 -1.45564e-05 0.0790696 0.000723644	-0.191393 0.11326 1.32668 0.996871 -1.49052e-05 0.07904 0.000738903	0.049086	0.049087
-0.191393 0.11326 1.32668 0.996871 -1.49052e-05 0.07904 0.000738903	-0.192365 0.113125 1.33112 0.996864 -1.75596e-05 0.0791365 0.000686212	0.047268	0.047269
-0.192365 0.113125 1.33112 0.996864 -1.75596e-05 0.0791365 0.000686212	-0.192847 0.113107 1.33337 0.99686 -1.71437e-05 0.079182 0.000677868	0.025452	0.025453
-0.192847 0.113107 1.33337 0.99686 -1.71437e-05 0.079182 0.000677868	-0.193266 0.113135 1.33792 0.996869 -9.3358e-06 0.079069 0.000687524	0.047267	0.047269
-0.193266 0.113135 1.33792 0.996869 -9.3358e-06 0.079069 0.000687524	-0.194521 0.113099 1.34235 0.996853 -1.99502e-05 0.0792692 0.00067143	0.049086	0.049087
-0.194521 0.113099 1.34235 0.996853 -1.99502e-05 0.0792692 0.00067143	-0.194886 0.113202 1.34695 0.996864 -1.97439e-05 0.0791343 0.000708028	0.049086	0.049088
-0.194886 0.113202 1.34695 0.996864 -1.97439e-05 0.0791343 0.000708028	-0.195231 0.113163 1.34923 0.996864 -1.26795e-05 0.0791283 0.000692054	0.023634	0.023634
-0.195231 0.113163 1.34923 0.996864 -1.26795e-05 0.0791283 0.000692054	-0.196241 0.113131 1.35373 0.996856 -2.02352e-05 0.0792328 0.000678106	0.049085	0.049088
-0.196241 0.113131 1.35373 0.996856 -2.02352e-05 0.0792328 0.000678106	-0.196607 0.113357 1.35823 0.996866 -1.52963e-05 0.0791059 0.00076048	0.047268	0.047269
-0.196607 0.113357 1.35823 0.996866 -1.52963e-05 0.0791059 0.00076048	-0.197583 0.113232 1.36269 0.996858 -2.42963e-05 0.079201 0.000711366	0.049086	0.049087
-0.197583 0.113232 1.36269 0.996858 -2.42963e-05 0.079201 0.000711366	-0.197754 0.113297 1.36735 0.996875 -1.14766e-05 0.0789956 0.000734611	0.049086	0.049088
-0.197754 0.113297 1.36735 0.996875 -1.14766e-05 0.0789956 0.000734611	-0.198642 0.11328 1.37183 0.99687 -1.36957e-05 0.0790574 0.000726505	0.047267	0.047269
-0.198642 0.11328 1.37183 0.99687 -1.36957e-05 0.0790574 0.000726505	-0.199318 0.113209 1.37639 0.996871 -1.18911e-05 0.0790386 0.000698849	0.049086	0.049087
-0.199318 0.113209 1.37639 0.996871 -1.18911e-05 0.0790386 0.000698849	-0.200576 0.113345 1.38079 0.996856 -1.79055e-05 0.079236 0.000745459	0.049086	0.049087
-0.200576 0.113345 1.38079 0.996856 -1.79055e-05 0.079236 0.000745459	-0.201413 0.113271 1.38529 0.996852 -1.63857e-05 0.0792776 0.000717088	0.047267	0.04727
-0.201413 0.113271 1.38529 0.996852 -1.63857e-05 0.0792776 0.000717088	-0.201498 0.113298 1.38993 0.996871 -1.38636e-05 0.0790463 0.000724836	0.049086	0.049087
-0.201498 0.113298 1.38993 0.996871 -1.38636e-05 0.0790463 0.000724836	-0.202499 0.113228 1.39442 0.996863 -9.29331e-06 0.0791462 0.000698372	0.049086	0.049087
-0.202499 0.113228 1.39442 0.996863 -9.29331e-06 0.0791462 0.000698372	-0.203733 0.113314 1.39885 0.996848 -1.86226e-05 0.0793304 0.000726267	0.047267	0.04727
-0.203733 0.113314 1.39885 0.996848 -1.86226e-05 0.0793304 0.000726267	-0.203597 0.113371 1.40117 0.996862 -1.65627e-05 0.0791529 0.000745459	0.025452	0.025453
-0.203597 0.113371 1.40117 0.996862 -1.65627e-05 0.0791529 0.000745459	-0.204518 0.113356 1.40566 0.996857 -1.5961e-05 0.0792244 0.000738545	0.047268	0.047269
-0.204518 0.113356 1.40566 0.996857 -1.5961e-05 0.0792244 0.000738545	-0.20547 0.113354 1.41013 0.99685 -1.72731e-05 0.0793064 0.000735684	0.049085	0.049087
-0.20547 0.113354 1.41013 0.99685 -1.72731e-05 0.0793064 0.000735684	-0.20568 0.11343 1.41475 0.996865 -1.7656e-05 0.0791231 0.00076048	0.049086	0.049088
-0.20568 0.11343 1.41475 0.996865 -1.7656e-05 0.0791231 0.00076048	-0.206658 0.113392 1.41923 0.996857 -1.08597e-05 0.0792148 0.000745698	0.047268	0.047269
-0.206658 0.113392 1.41923 0.996857 -1.08597e-05 0.0792148 0.000745698	-0.207453 0.113589 1.42371 0.996855 -2.42336e-05 0.0792411 0.000811501	0.049085	0.049087
-0.207453 0.113589 1.42371 0.996855 -2.42336e-05 0.0792411 0.000811501	-0.20811 0.113387 1.42828 0.996857 -5.86926e-06 0.0792158 0.000739856	0.049086	0.049088
-0.20811 0.113387 1.42828 0.996857 -5.86926e-06 0.0792158 0.000739856	-0.208961 0.113516 1.43281 0.996854 -1.84798e-05 0.0792595 0.000781938	0.049086	0.049087
-0.208961 0.113516 1.43281 0.996854 -1.84798e-05 0.0792595 0.000781938	-0.21031 0.11363 1.43956 0.996846 -2.94613e-05 0.0793507 0.000817939	0.072719	0.072722
-0.21031 0.11363 1.43956 0.996846 -2.94613e-05 0.0793507 0.000817939	-0.214273 0.113525 1.44599 0.996767 -3.71706e-05 0.0803392 0.00077848	0.070902	0.070904
-0.214273 0.113525 1.44599 0.996767 -3.71706e-05 0.0803392 0.00077848	-0.212321 0.11345 1.45526 0.99686 -1.25784e-05 0.0791819 0.000748201	0.098171	0.098175
-0.212321 0.11345 1.45526 0.99686 -1.25784e-05 0.0791819 0.000748201	-0.213525 0.113478 1.46198 0.996856 -1.10786e-05 0.0792258 0.000754996	0.072719	0.072722
-0.213525 0.113478 1.46198 0.996856 -1.10786e-05 0.0792258 0.000754996	-0.214634 0.113608 1.46879 0.996856 -1.54207e-05 0.0792326 0.000795169	0.07272	0.072722
-0.214634 0.113608 1.46879 0.996856 -1.54207e-05 0.0792326 0.000795169	-0.215967 0.113625 1.47552 0.996849 -1.67424e-05 0.0793172 0.000798269	0.072719	0.072723
-0.215967 0.113625 1.47552 0.996849 -1.67424e-05 0.0793172 0.000798269	-0.216794 0.113663 1.48233 0.996856 -1.96709e-05 0.0792304 0.000807925	0.07272	0.072722
-0.216794 0.113663 1.48233 0.996856 -1.96709e-05 0.0792304 0.000807925	-0.218154 0.113659 1.49137 0.996858 -1.65648e-05 0.0792024 0.000802441	0.094535	0.094539
-0.218154 0.113659 1.49137 0.996858 -1.65648e-05 0.0792024 0.000802441	-0.219373 0.113722 1.49813 0.996855 -1.94936e-05 0.0792474 0.000820323	0.07272	0.072722
-0.219373 0.113722 1.49813 0.996855 -1.94936e-05 0.0792474 0.000820323	-0.219742 0.113787 1.50037 0.996854 -2.34488e-05 0.0792515 0.000840231	0.023633	0.023634
-0.219742 0.113787 1.50037 0.996854 -2.34488e-05 0.0792515 0.000840231	-0.220493 0.113692 1.50497 0.996854 -1.85329e-05 0.0792565 0.000806971	0.049086	0.049088
-0.220493 0.113692 1.50497 0.996854 -1.85329e-05 0.0792565 0.000806971	-0.221479 0.113763 1.50943 0.996847 -2.3389e-05 0.0793442 0.000828071	0.049086	0.049087
-0.221479 0.113763 1.50943 0.996847 -2.3389e-05 0.0793442 0.000828071	-0.221917 0.113896 1.51399 0.996854 -1.83405e-05 0.0792491 0.00087039	0.047268	0.04727
-0.221917 0.113896 1.51399 0.996854 -1.83405e-05 0.0792491 0.00087039	-0.22329 0.113894 1.52069 0.996847 -2.55813e-05 0.0793471 0.000866218	0.072719	0.072722
-0.22329 0.113894 1.52069 0.996847 -2.55813e-05 0.0793471 0.000866218	-0.22394 0.113868 1.52526 0.996849 -2.68105e-05 0.0793205 0.000854774	0.049086	0.049087
-0.22394 0.113868 1.52526 0.996849 -2.68105e-05 0.0793205 0.000854774	-0.225046 0.113896 1.53198 0.996848 -2.15066e-05 0.0793305 0.000861092	0.072719	0.072722
-0.225046 0.113896 1.53198 0.996848 -2.15066e-05 0.0793305 0.000861092	-0.226269 0.113949 1.53876 0.996844 -2.97644e-05 0.0793745 0.000874801	0.07272	0.072723
-0.226269 0.113949 1.53876 0.996844 -2.97644e-05 0.0793745 0.000874801	-0.226479 0.11389 1.54106 0.996848 -3.096e-05 0.0793247 0.000854297	0.023634	0.023634
-0.226479 0.11389 1.54106 0.996848 -3.096e-05 0.0793247 0.000854297	-0.22682 0.113976 1.54563 0.996858 -2.85954e-05 0.0792003 0.000880523	0.049086	0.049088
-0.22682 0.113976 1.54563 0.996858 -2.85954e-05 0.0792003 0.000880523	-0.228207 0.113987 1.55235 0.99685 -3.20271e-05 0.0792988 0.000880642	0.072719	0.072722
-0.228207 0.113987 1.55235 0.99685 -3.20271e-05 0.0792988 0.000880642	-0.228634 0.113957 1.55466 0.996849 -2.95892e-05 0.079317 0.000869437	0.023634	0.023635
-0.228634 0.113957 1.55466 0.996849 -2.95892e-05 0.079317 0.000869437	-0.229572 0.113879 1.55909 0.996843 -2.64426e-05 0.0793887 0.000842496	0.049086	0.049087
-0.229572 0.113879 1.55909 0.996843 -2.64426e-05 0.0793887 0.000842496	-0.230015 0.113989 1.56376 0.996851 -2.9545e-05 0.0792934 0.000875636	0.049086	0.049088
-0.230015 0.113989 1.56376 0.996851 -2.9545e-05 0.0792934 0.000875636	-0.230728 0.114018 1.56821 0.996851 -2.98632e-05 0.0792935 0.000882669	0.047267	0.047269
-0.230728 0.114018 1.56821 0.996851 -2.98632e-05 0.0792935 0.000882669	-0.231705 0.113874 1.57267 0.996844 -2.64837e-05 0.0793754 0.00083427	0.049086	0.049087
-0.231705 0.113874 1.57267 0.996844 -2.64837e-05 0.0793754 0.00083427	-0.232952 0.114052 1.57942 0.99684 -3.29508e-05 0.0794266 0.000887676	0.07272	0.072722
-0.232952 0.114052 1.57942 0.99684 -3.29508e-05 0.0794266 0.000887676	-0.233325 0.113972 1.58407 0.996849 -3.09121e-05 0.0793125 0.000860019	0.049086	0.049088
-0.233325 0.113972 1.58407 0.996849 -3.09121e-05 0.0793125 0.000860019	-0.234396 0.114111 1.58849 0.996841 -3.40846e-05 0.0794241 0.000901623	0.047268	0.047269
-0.234396 0.114111 1.58849 0.996841 -3.40846e-05 0.0794241 0.000901623	-0.235321 0.11419 1.59293 0.996835 -3.43532e-05 0.0794903 0.000923797	0.049085	0.049088
-0.235321 0.11419 1.59293 0.996835 -3.43532e-05 0.0794903 0.000923797	-0.236176 0.114044 1.59979 0.996841 -2.97948e-05 0.0794139 0.00087504	0.07272	0.072722
-0.236176 0.114044 1.59979 0.996841 -2.97948e-05 0.0794139 0.00087504	-0.237231 0.114062 1.60663 0.996842 -3.02802e-05 0.079402 0.000877305	0.07272	0.072722
-0.237231 0.114062 1.60663 0.996842 -3.02802e-05 0.079402 0.000877305	-0.238241 0.114108 1.61109 0.996835 -3.20647e-05 0.0794907 0.000889345	0.049086	0.049087
-0.238241 0.114108 1.61109 0.996835 -3.20647e-05 0.0794907 0.000889345	-0.239181 0.114137 1.61791 0.996839 -3.25075e-05 0.0794454 0.000895067	0.072719	0.072722
-0.239181 0.114137 1.61791 0.996839 -3.25075e-05 0.0794454 0.000895067	-0.239978 0.114218 1.62236 0.996837 -3.56803e-05 0.0794707 0.000917478	0.047268	0.04727
-0.239978 0.114218 1.62236 0.996837 -3.56803e-05 0.0794707 0.000917478	-0.24064 0.114189 1.6269 0.996838 -3.0438e-05 0.0794504 0.000906511	0.049086	0.049087
-0.24064 0.114189 1.6269 0.996838 -3.0438e-05 0.0794504 0.000906511	-0.241977 0.113326 1.63397 0.996834 2.79401e-06 0.0795121 0.000642343	0.07272	0.072722
-0.241977 0.113326 1.63397 0.996834 2.79401e-06 0.0795121 0.000642343	-0.244927 0.114434 1.64007 0.996787 -3.84121e-05 0.0800968 0.000973626	0.07272	0.072722
-0.244927 0.114434 1.64007 0.996787 -3.84121e-05 0.0800968 0.000973626	-0.243709 0.114109 1.64701 0.996842 -2.98352e-05 0.0794055 0.000871225	0.07272	0.072722
-0.243709 0.114109 1.64701 0.996842 -2.98352e-05 0.0794055 0.000871225	-0.243967 0.114088 1.64926 0.996844 -2.63736e-05 0.079374 0.000864192	0.023634	0.023635
-0.243967 0.114088 1.64926 0.996844 -2.63736e-05 0.079374 0.000864192	-0.244941 0.114134 1.65373 0.996839 -2.65462e-05 0.0794493 0.000875874	0.049086	0.049087
-0.244941 0.114134 1.65373 0.996839 -2.65462e-05 0.0794493 0.000875874	-0.245943 0.114123 1.65825 0.996832 -3.31242e-05 0.079532 0.000870152	0.047267	0.047269
-0.245943 0.114123 1.65825 0.996832 -3.31242e-05 0.079532 0.000870152	-0.246513 0.114144 1.66277 0.996836 -3.08678e-05 0.0794864 0.000874682	0.049086	0.049088
-0.246513 0.114144 1.66277 0.996836 -3.08678e-05 0.0794864 0.000874682	-0.247681 0.114183 1.66954 0.996834 -2.92275e-05 0.0795098 0.000883384	0.07272	0.072722
-0.247681 0.114183 1.66954 0.996834 -2.92275e-05 0.0795098 0.000883384	-0.24755 0.114216 1.67193 0.996846 -2.76784e-05 0.0793595 0.000892564	0.025452	0.025452
-0.24755 0.114216 1.67193 0.996846 -2.76784e-05 0.0793595 0.000892564	-0.248796 0.114251 1.67632 0.996833 -2.95309e-05 0.0795181 0.00090067	0.047268	0.04727
-0.248796 0.114251 1.67632 0.996833 -2.95309e-05 0.0795181 0.00090067	-0.250067 0.114208 1.68308 0.996829 -2.76921e-05 0.0795733 0.000884576	0.07272	0.072721
-0.250067 0.114208 1.68308 0.996829 -2.76921e-05 0.0795733 0.000884576	-0.25092 0.114417 1.6899 0.996834 -3.27231e-05 0.0795025 0.000943228	0.07272	0.072722
-0.25092 0.114417 1.6899 0.996834 -3.27231e-05 0.0795025 0.000943228	-0.251289 0.114255 1.69216 0.996834 -3.07085e-05 0.0795045 0.000894233	0.023634	0.023635
-0.251289 0.114255 1.69216 0.996834 -3.07085e-05 0.0795045 0.000894233	-0.252149 0.114262 1.69668 0.996831 -3.02932e-05 0.0795432 0.000894352	0.049086	0.049087
-0.252149 0.114262 1.69668 0.996831 -3.02932e-05 0.0795432 0.000894352	-0.253165 0.114346 1.70113 0.996824 -2.96949e-05 0.079629 0.000917717	0.049086	0.049088
-0.253165 0.114346 1.70113 0.996824 -2.96949e-05 0.079629 0.000917717	-0.25373 0.114397 1.70571 0.996828 -3.49948e-05 0.0795811 0.000929638	0.047268	0.047269
-0.25373 0.114397 1.70571 0.996828 -3.49948e-05 0.0795811 0.000929638	-0.253694 0.114379 1.70801 0.996837 -3.14118e-05 0.079465 0.000923439	0.025452	0.025452
-0.253694 0.114379 1.70801 0.996837 -3.14118e-05 0.079465 0.000923439	-0.254641 0.114425 1.7125 0.996832 -3.29324e-05 0.0795305 0.000934406	0.047268	0.04727
-0.254641 0.114425 1.7125 0.996832 -3.29324e-05 0.0795305 0.000934406	-0.256139 0.114422 1.71922 0.996823 -3.45001e-05 0.0796481 0.000930472	0.07272	0.072722
-0.256139 0.114422 1.71922 0.996823 -3.45001e-05 0.0796481 0.000930472	-0.256599 0.114456 1.72613 0.996837 -3.38405e-05 0.0794648 0.000937148	0.07272	0.072721
-0.256599 0.114456 1.72613 0.996837 -3.38405e-05 0.0794648 0.000937148	-0.257692 0.11459 1.73289 0.996837 -3.54845e-05 0.0794669 0.000972553	0.07272	0.072722
-0.257692 0.11459 1.73289 0.996837 -3.54845e-05 0.0794669 0.000972553	-0.25852 0.114709 1.73738 0.996835 -3.66288e-05 0.0794979 0.00100498	0.049086	0.049087
-0.25852 0.114709 1.73738 0.996835 -3.66288e-05 0.0794979 0.00100498	-0.259293 0.114638 1.74191 0.996834 -4.22043e-05 0.0795103 0.000981613	0.049086	0.049088
-0.259293 0.114638 1.74191 0.996834 -4.22043e-05 0.0795103 0.000981613	-0.260048 0.114694 1.74643 0.996833 -3.87002e-05 0.0795195 0.000995918	0.047268	0.047269
-0.260048 0.114694 1.74643 0.996833 -3.87002e-05 0.0795195 0.000995918	-0.261171 0.114616 1.75092 0.996824 -3.7857e-05 0.0796315 0.000970765	0.049085	0.049087
-0.261171 0.114616 1.75092 0.996824 -3.7857e-05 0.0796315 0.000970765	-0.261613 0.114596 1.75781 0.996839 -3.73463e-05 0.0794468 0.000961943	0.07272	0.072722
-0.261613 0.114596 1.75781 0.996839 -3.73463e-05 0.0794468 0.000961943	-0.262845 0.114623 1.76458 0.996835 -3.84185e-05 0.0794876 0.000965758	0.07272	0.072722
-0.262845 0.114623 1.76458 0.996835 -3.84185e-05 0.0794876 0.000965758	-0.26433 0.114692 1.76892 0.996818 -3.96574e-05 0.0797042 0.000983163	0.049086	0.049087
-0.26433 0.114692 1.76892 0.996818 -3.96574e-05 0.0797042 0.000983163	-0.264139 0.11468 1.77132 0.996831 -3.76451e-05 0.0795455 0.000978871	0.023634	0.023635
-0.264139 0.11468 1.77132 0.996831 -3.76451e-05 0.0795455 0.000978871	-0.265311 0.114825 1.77807 0.996829 -4.25299e-05 0.0795704 0.00101642	0.07272	0.072721
-0.265311 0.114825 1.77807 0.996829 -4.25299e-05 0.0795704 0.00101642	-0.266836 0.114699 1.78478 0.996819 -4.21194e-05 0.0796928 0.000977321	0.07272	0.072722
-0.266836 0.114699 1.78478 0.996819 -4.21194e-05 0.0796928 0.000977321	-0.268052 0.114748 1.79155 0.996816 -4.22418e-05 0.079727 0.000987812	0.07272	0.072722
-0.268052 0.114748 1.79155 0.996816 -4.22418e-05 0.079727 0.000987812	-0.268943 0.114799 1.79835 0.996821 -4.42477e-05 0.0796723 0.000998302	0.07272	0.072722
-0.268943 0.114799 1.79835 0.996821 -4.42477e-05 0.0796723 0.000998302	-0.269234 0.114795 1.80294 0.99683 -4.01901e-05 0.079551 0.000995441	0.049086	0.049087
-0.269234 0.114795 1.80294 0.99683 -4.01901e-05 0.079551 0.000995441	-0.270814 0.1148 1.80964 0.996819 -3.93446e-05 0.0796869 0.000992938	0.07272	0.072722
-0.270814 0.1148 1.80964 0.996819 -3.93446e-05 0.0796869 0.000992938	-0.271336 0.114794 1.81189 0.996816 -4.37726e-05 0.0797306 0.000990196	0.023634	0.023634
-0.271336 0.114794 1.81189 0.996816 -4.37726e-05 0.0797306 0.000990196	-0.271809 0.114743 1.81641 0.996821 -4.25784e-05 0.0796617 0.000973745	0.049085	0.049087
-0.271809 0.114743 1.81641 0.996821 -4.25784e-05 0.0796617 0.000973745	-0.272542 0.114735 1.82099 0.996822 -4.29665e-05 0.0796616 0.000969334	0.047268	0.04727
-0.272542 0.114735 1.82099 0.996822 -4.29665e-05 0.0796616 0.000969334	-0.275108 0.115271 1.82557 0.996782 -8.51569e-05 0.0801493 0.00111239	0.049086	0.049087
-0.275108 0.115271 1.82557 0.996782 -8.51569e-05 0.0801493 0.00111239	-0.277635 0.115213 1.8273 0.996734 -8.65709e-05 0.0807483 0.0010945	0.023634	0.023634
-0.277635 0.115213 1.8273 0.996734 -8.65709e-05 0.0807483 0.0010945	-0.27345 0.114531 1.83202 0.99684 -3.21247e-05 0.0794307 0.000907465	0.049086	0.049088
-0.27345 0.114531 1.83202 0.99684 -3.21247e-05 0.0794307 0.000907465	-0.275504 0.114711 1.8387 0.996819 -4.29326e-05 0.0796924 0.000953241	0.07272	0.072721
-0.275504 0.114711 1.8387 0.996819 -4.29326e-05 0.0796924 0.000953241	-0.276222 0.114822 1.84555 0.996827 -4.24929e-05 0.0795911 0.000980421	0.072717	0.072719
-0.276222 0.114822 1.84555 0.996827 -4.24929e-05 0.0795911 0.000980421	-0.27805 0.11474 1.85219 0.996811 -4.04657e-05 0.0797913 0.000955029	0.072723	0.072726
-0.27805 0.11474 1.85219 0.996811 -4.04657e-05 0.0797913 0.000955029	-0.279184 0.114653 1.85896 0.99681 -4.2983e-05 0.0798019 0.00092785	0.072719	0.072721
-0.279184 0.114653 1.85896 0.99681 -4.2983e-05 0.0798019 0.00092785	-0.279013 0.114685 1.86134 0.996822 -4.3857e-05 0.0796585 0.000935956	0.023634	0.023635
-0.279013 0.114685 1.86134 0.996822 -4.3857e-05 0.0796585 0.000935956	-0.279906 0.114653 1.86581 0.996818 -4.05993e-05 0.0797019 0.000924989	0.049086	0.049087
-0.279906 0.114653 1.86581 0.996818 -4.05993e-05 0.0797019 0.000924989	-0.279966 0.114724 1.86814 0.996825 -4.1716e-05 0.0796206 0.000943347	0.025452	0.025453
-0.279966 0.114724 1.86814 0.996825 -4.1716e-05 0.0796206 0.000943347	-0.281111 0.114846 1.87256 0.996816 -4.69857e-05 0.0797344 0.000973387	0.047268	0.047269
-0.281111 0.114846 1.87256 0.996816 -4.69857e-05 0.0797344 0.000973387	-0.281711 0.114827 1.87711 0.996818 -4.98859e-05 0.0797002 0.000966116	0.049086	0.049087
-0.281711 0.114827 1.87711 0.996818 -4.98859e-05 0.0797002 0.000966116	-0.282821 0.114909 1.88159 0.99681 -4.94217e-05 0.0798008 0.000986143	0.047267	0.047269
-0.282821 0.114909 1.88159 0.99681 -4.94217e-05 0.0798008 0.000986143	-0.283251 0.114851 1.88614 0.996817 -5.06618e-05 0.0797224 0.00096838	0.049086	0.049087
-0.283251 0.114851 1.88614 0.996817 -5.06618e-05 0.0797224 0.00096838	-0.283816 0.114897 1.89069 0.99682 -4.98566e-05 0.0796799 0.000978633	0.049086	0.049088
-0.283816 0.114897 1.89069 0.99682 -4.98566e-05 0.0796799 0.000978633	-0.284658 0.114868 1.89521 0.996818 -4.73103e-05 0.0797088 0.000969096	0.047268	0.047269
-0.284658 0.114868 1.89521 0.996818 -4.73103e-05 0.0797088 0.000969096	-0.285052 0.114861 1.89746 0.996817 -4.7963e-05 0.0797169 0.000966354	0.025452	0.025452
-0.285052 0.114861 1.89746 0.996817 -4.7963e-05 0.0797169 0.000966354	-0.286406 0.114828 1.9019 0.996804 -5.41425e-05 0.0798814 0.000954791	0.047267	0.04727
-0.286406 0.114828 1.9019 0.996804 -5.41425e-05 0.0798814 0.000954791	-0.287191 0.114909 1.90644 0.996803 -5.33281e-05 0.0798946 0.00097446	0.049086	0.049087
-0.287191 0.114909 1.90644 0.996803 -5.33281e-05 0.0798946 0.00097446	-0.286788 0.11494 1.9111 0.996826 -4.64848e-05 0.0796003 0.000980898	0.049086	0.049087
-0.286788 0.11494 1.9111 0.996826 -4.64848e-05 0.0796003 0.000980898	-0.287848 0.115106 1.91562 0.99682 -5.49548e-05 0.0796849 0.00102179	0.049086	0.049088
-0.287848 0.115106 1.91562 0.99682 -5.49548e-05 0.0796849 0.00102179	-0.288661 0.115112 1.92008 0.996818 -5.37335e-05 0.0797099 0.00102095	0.047267	0.047269
-0.288661 0.115112 1.92008 0.996818 -5.37335e-05 0.0797099 0.00102095	-0.290061 0.115108 1.92683 0.996811 -5.33416e-05 0.0797879 0.00101678	0.07272	0.072722
-0.290061 0.115108 1.92683 0.996811 -5.33416e-05 0.0797879 0.00101678	-0.29058 0.115111 1.92906 0.996808 -5.88445e-05 0.079829 0.0010169	0.023634	0.023634
-0.29058 0.115111 1.92906 0.996808 -5.88445e-05 0.079829 0.0010169	-0.291159 0.1151 1.93597 0.996819 -5.34912e-05 0.0796945 0.00101118	0.072719	0.072722
-0.291159 0.1151 1.93597 0.996819 -5.34912e-05 0.0796945 0.00101118	-0.292089 0.115223 1.94041 0.996814 -6.09046e-05 0.0797479 0.00104014	0.049086	0.049088
-0.292089 0.115223 1.94041 0.996814 -6.09046e-05 0.0797479 0.00104014	-0.293148 0.115123 1.94728 0.996815 -6.07696e-05 0.0797373 0.00101082	0.07272	0.072722
-0.293148 0.115123 1.94728 0.996815 -6.07696e-05 0.0797373 0.00101082	-0.294772 0.115155 1.95157 0.996797 -5.83963e-05 0.0799702 0.00101714	0.049085	0.049087
-0.294772 0.115155 1.95157 0.996797 -5.83963e-05 0.0799702 0.00101714	-0.295534 0.115302 1.95843 0.996804 -6.47808e-05 0.0798836 0.00105147	0.07272	0.072722
-0.295534 0.115302 1.95843 0.996804 -6.47808e-05 0.0798836 0.00105147	-0.296232 0.11521 1.9653 0.996812 -6.64466e-05 0.0797832 0.00102441	0.072719	0.072722
-0.296232 0.11521 1.9653 0.996812 -6.64466e-05 0.0797832 0.00102441	-0.296917 0.115216 1.96749 0.996805 -6.50024e-05 0.0798655 0.00102465	0.023634	0.023634
-0.296917 0.115216 1.96749 0.996805 -6.50024e-05 0.0798655 0.00102465	-0.296948 0.115249 1.97211 0.996819 -6.48029e-05 0.0796891 0.00103108	0.049086	0.049088
-0.296948 0.115249 1.97211 0.996819 -6.48029e-05 0.0796891 0.00103108	-0.297718 0.115369 1.97432 0.996811 -6.51869e-05 0.0797912 0.00106029	0.023634	0.023635
-0.297718 0.115369 1.97432 0.996811 -6.51869e-05 0.0797912 0.00106029	-0.298825 0.115356 1.98112 0.996811 -6.89803e-05 0.0797929 0.0010535	0.072719	0.072722
-0.298825 0.115356 1.98112 0.996811 -6.89803e-05 0.0797929 0.0010535	-0.299906 0.115224 1.98324 0.996796 -6.67927e-05 0.0799748 0.0010194	0.023634	0.023634
-0.299906 0.115224 1.98324 0.996796 -6.67927e-05 0.0799748 0.0010194	-0.300656 0.115379 1.98774 0.996796 -7.56793e-05 0.0799812 0.00105588	0.049086	0.049088
-0.300656 0.115379 1.98774 0.996796 -7.56793e-05 0.0799812 0.00105588	-0.300664 0.115468 1.99244 0.99681 -7.27569e-05 0.0797981 0.0010765	0.049086	0.049087
-0.300664 0.115468 1.99244 0.99681 -7.27569e-05 0.0797981 0.0010765	-0.30234 0.115488 1.99683 0.996791 -7.97352e-05 0.080035 0.00107853	0.049085	0.049087
-0.30234 0.115488 1.99683 0.996791 -7.97352e-05 0.080035 0.00107853	-0.301804 0.115455 1.99919 0.996809 -7.35376e-05 0.0798111 0.00106947	0.023634	0.023635
-0.301804 0.115455 1.99919 0.996809 -7.35376e-05 0.0798111 0.00106947	-0.30357 0.115536 2.00585 0.996796 -8.01825e-05 0.0799786 0.00108604	0.072719	0.072722
-0.30357 0.115536 2.00585 0.996796 -8.01825e-05 0.0799786 0.00108604	-0.30412 0.115429 2.01045 0.9968 -7.85405e-05 0.079933 0.00105743	0.049086	0.049088
-0.30412 0.115429 2.01045 0.9968 -7.85405e-05 0.079933 0.00105743	-0.307471 0.116076 2.01696 0.996755 -9.71248e-05 0.0804893 0.00121359	0.07272	0.072722
-0.307471 0.116076 2.01696 0.996755 -9.71248e-05 0.0804893 0.00121359	-0.309405 0.115165 2.0231 0.996737 -8.42317e-05 0.0807129 0.000983997	0.070901	0.070904
-0.309405 0.115165 2.0231 0.996737 -8.42317e-05 0.0807129 0.000983997	-0.307756 0.115255 2.03022 0.996791 -7.52817e-05 0.0800405 0.00100319	0.074538	0.07454
-0.307756 0.115255 2.03022 0.996791 -7.52817e-05 0.0800405 0.00100319	-0.308863 0.115198 2.03697 0.996791 -7.83985e-05 0.0800439 0.000985904	0.070901	0.070904
-0.308863 0.115198 2.03697 0.996791 -7.83985e-05 0.0800439 0.000985904	-0.30978 0.115283 2.04148 0.996787 -7.61422e-05 0.0800885 0.00100486	0.049086	0.049087
-0.30978 0.115283 2.04148 0.996787 -7.61422e-05 0.0800885 0.00100486	-0.310803 0.115251 2.04828 0.996789 -7.91143e-05 0.0800696 0.000993892	0.072719	0.072723
-0.310803 0.115251 2.04828 0.996789 -7.91143e-05 0.0800696 0.000993892	-0.31052 0.115311 2.05064 0.996801 -7.85003e-05 0.0799114 0.0010076	0.023634	0.023634
-0.31052 0.115311 2.05064 0.996801 -7.85003e-05 0.0799114 0.0010076	-0.312513 0.115332 2.05495 0.996777 -8.46308e-05 0.0802199 0.0010107	0.049086	0.049088
-0.312513 0.115332 2.05495 0.996777 -8.46308e-05 0.0802199 0.0010107	-0.312847 0.115327 2.06187 0.996792 -8.38821e-05 0.080034 0.00100617	0.072719	0.072722
-0.312847 0.115327 2.06187 0.996792 -8.38821e-05 0.080034 0.00100617	-0.313804 0.115225 2.06864 0.996794 -7.9556e-05 0.0800007 0.000978752	0.07272	0.072722
-0.313804 0.115225 2.06864 0.996794 -7.9556e-05 0.0800007 0.000978752	-0.315574 0.115283 2.07304 0.996774 -8.48451e-05 0.0802495 0.000990554	0.049085	0.049087
-0.315574 0.115283 2.07304 0.996774 -8.48451e-05 0.0802495 0.000990554	-0.316006 0.115388 2.07995 0.996787 -8.7857e-05 0.0800898 0.00101297	0.07272	0.072723
-0.316006 0.115388 2.07995 0.996787 -8.7857e-05 0.0800898 0.00101297	-0.317153 0.115379 2.08667 0.996786 -8.683e-05 0.0801046 0.00100748	0.072719	0.072722
-0.317153 0.115379 2.08667 0.996786 -8.683e-05 0.0801046 0.00100748	-0.318467 0.115391 2.09338 0.996782 -8.91543e-05 0.0801575 0.00100677	0.07272	0.072722
-0.318467 0.115391 2.09338 0.996782 -8.91543e-05 0.0801575 0.00100677	-0.31981 0.115392 2.10017 0.996777 -9.06973e-05 0.0802138 0.00100426	0.07272	0.072722
-0.31981 0.115392 2.10017 0.996777 -9.06973e-05 0.0802138 0.00100426	-0.319307 0.115309 2.10258 0.996794 -8.73868e-05 0.0800066 0.000983639	0.023633	0.023635
-0.319307 0.115309 2.10258 0.996794 -8.73868e-05 0.0800066 0.000983639	-0.321433 0.115333 2.1092 0.996774 -9.37056e-05 0.0802508 0.000986262	0.07272	0.072722
-0.321433 0.115333 2.1092 0.996774 -9.37056e-05 0.0802508 0.000986262	-0.321853 0.115516 2.11375 0.99678 -9.75331e-05 0.0801789 0.00102739	0.049086	0.049087
-0.321853 0.115516 2.11375 0.99678 -9.75331e-05 0.0801789 0.00102739	-0.322159 0.115437 2.11603 0.996781 -9.70504e-05 0.0801646 0.00100784	0.023634	0.023635
-0.322159 0.115437 2.11603 0.996781 -9.70504e-05 0.0801646 0.00100784	-0.323437 0.115674 2.12046 0.996771 -9.93794e-05 0.0802924 0.0010616	0.049085	0.049088
-0.323437 0.115674 2.12046 0.996771 -9.93794e-05 0.0802924 0.0010616	-0.323321 0.115506 2.12518 0.996787 -9.57173e-05 0.0800911 0.00102	0.049086	0.049087
-0.323321 0.115506 2.12518 0.996787 -9.57173e-05 0.0800911 0.00102	-0.324542 0.115491 2.12956 0.996778 -9.69642e-05 0.0802062 0.00101451	0.047268	0.04727
-0.324542 0.115491 2.12956 0.996778 -9.69642e-05 0.0802062 0.00101451	-0.324888 0.115483 2.13187 0.996778 -9.85799e-05 0.0801998 0.00101153	0.023634	0.023634
-0.324888 0.115483 2.13187 0.996778 -9.85799e-05 0.0801998 0.00101153	-0.326391 0.115553 2.13854 0.99677 -0.00010519 0.0802972 0.00102465	0.072719	0.072722
-0.326391 0.115553 2.13854 0.99677 -0.00010519 0.0802972 0.00102465	-0.327004 0.115625 2.14542 0.99678 -0.000106164 0.0801842 0.00103871	0.07272	0.072723
-0.327004 0.115625 2.14542 0.99678 -0.000106164 0.0801842 0.00103871	-0.327817 0.115447 2.14994 0.996778 -0.000100517 0.0802022 0.000994964	0.049086	0.049087
-0.327817 0.115447 2.14994 0.996778 -0.000100517 0.0802022 0.000994964	-0.329309 0.115601 2.15435 0.996764 -0.000108026 0.0803788 0.00102858	0.049086	0.049087
-0.329309 0.115601 2.15435 0.996764 -0.000108026 0.0803788 0.00102858	-0.330105 0.115517 2.15651 0.996756 -0.000105407 0.0804786 0.00100796	0.023633	0.023635
-0.330105 0.115517 2.15651 0.996756 -0.000105407 0.0804786 0.00100796	-0.329244 0.115483 2.1613 0.996786 -0.000103147 0.0801097 0.00099866	0.049086	0.049088
-0.329244 0.115483 2.1613 0.996786 -0.000103147 0.0801097 0.00099866	-0.329735 0.114784 2.16594 0.996791 -7.78592e-05 0.0800505 0.000837489	0.049086	0.049087
-0.329735 0.114784 2.16594 0.996791 -7.78592e-05 0.0800505 0.000837489	-0.333264 0.115727 2.17437 0.996751 -0.000117225 0.0805366 0.00104825	0.096354	0.096357
-0.333264 0.115727 2.17437 0.996751 -0.000117225 0.0805366 0.00104825	-0.334109 0.115509 2.17851 0.996748 -0.000110079 0.0805738 0.000995203	0.047268	0.047269
-0.334109 0.115509 2.17851 0.996748 -0.000110079 0.0805738 0.000995203	-0.333195 0.115641 2.18093 0.996772 -0.000109792 0.0802838 0.00102489	0.025451	0.025453
-0.333195 0.115641 2.18093 0.996772 -0.000109792 0.0802838 0.00102489	-0.334818 0.115633 2.18766 0.996762 -0.000107233 0.0804011 0.00102047	0.07272	0.072722
-0.334818 0.115633 2.18766 0.996762 -0.000107233 0.0804011 0.00102047	-0.335377 0.115622 2.19228 0.996765 -0.000108635 0.0803596 0.00101583	0.049086	0.049087
-0.335377 0.115622 2.19228 0.996765 -0.000108635 0.0803596 0.00101583	-0.337584 0.115511 2.1988 0.996745 -0.000113187 0.0806119 0.000987335	0.070902	0.070904
-0.337584 0.115511 2.1988 0.996745 -0.000113187 0.0806119 0.000987335	-0.338293 0.115575 2.20568 0.996752 -0.00011682 0.0805238 0.000999137	0.074538	0.074541
-0.338293 0.115575 2.20568 0.996752 -0.00011682 0.0805238 0.000999137	-0.339122 0.115643 2.20783 0.996744 -0.000117841 0.0806281 0.0010138	0.023634	0.023634
-0.339122 0.115643 2.20783 0.996744 -0.000117841 0.0806281 0.0010138	-0.339332 0.115515 2.21247 0.996753 -0.000113355 0.0805079 0.000983163	0.047267	0.04727
-0.339332 0.115515 2.21247 0.996753 -0.000113355 0.0805079 0.000983163	-0.339711 0.115635 2.21699 0.99676 -0.000117287 0.0804305 0.00100784	0.049086	0.049087
-0.339711 0.115635 2.21699 0.99676 -0.000117287 0.0804305 0.00100784	-0.340634 0.115618 2.22148 0.996756 -0.000118852 0.080474 0.00100188	0.049086	0.049087
-0.340634 0.115618 2.22148 0.996756 -0.000118852 0.080474 0.00100188	-0.341423 0.115627 2.22604 0.996755 -0.000114468 0.0804849 0.00100224	0.047268	0.04727
-0.341423 0.115627 2.22604 0.996755 -0.000114468 0.0804849 0.00100224	-0.343424 0.115673 2.23265 0.996739 -0.000118411 0.0806857 0.00100987	0.07272	0.072722
-0.343424 0.115673 2.23265 0.996739 -0.000118411 0.0806857 0.00100987	-0.343516 0.115829 2.23727 0.996751 -0.000127606 0.0805411 0.00104229	0.049086	0.049087
-0.343516 0.115829 2.23727 0.996751 -0.000127606 0.0805411 0.00104229	-0.344712 0.115896 2.24173 0.996742 -0.000128644 0.0806441 0.00105552	0.049086	0.049087
-0.344712 0.115896 2.24173 0.996742 -0.000128644 0.0806441 0.00105552	-0.344139 0.115878 2.24419 0.996759 -0.000128128 0.0804357 0.00105028	0.023634	0.023635
-0.344139 0.115878 2.24419 0.996759 -0.000128128 0.0804357 0.00105028	-0.346771 0.115702 2.25066 0.996732 -0.000125493 0.0807742 0.00100855	0.07272	0.072722
-0.346771 0.115702 2.25066 0.996732 -0.000125493 0.0807742 0.00100855	-0.34668 0.115938 2.25303 0.99674 -0.000130757 0.080672 0.00106029	0.023634	0.023635
-0.34668 0.115938 2.25303 0.99674 -0.000130757 0.080672 0.00106029	-0.34674 0.115898 2.25763 0.996752 -0.000130462 0.0805254 0.00104897	0.049086	0.049087
-0.34674 0.115898 2.25763 0.996752 -0.000130462 0.0805254 0.00104897	-0.348296 0.115912 2.26211 0.996738 -0.000131963 0.0807014 0.00105016	0.049086	0.049087
-0.348296 0.115912 2.26211 0.996738 -0.000131963 0.0807014 0.00105016	-0.349543 0.11595 2.26878 0.996735 -0.000134357 0.0807352 0.00105576	0.07272	0.072722
-0.349543 0.11595 2.26878 0.996735 -0.000134357 0.0807352 0.00105576	-0.350451 0.116023 2.27559 0.996739 -0.000135719 0.0806917 0.00106911	0.072719	0.072722
-0.350451 0.116023 2.27559 0.996739 -0.000135719 0.0806917 0.00106911	-0.350951 0.115994 2.28019 0.996743 -0.000139793 0.0806402 0.00105958	0.047268	0.047269
-0.350951 0.115994 2.28019 0.996743 -0.000139793 0.0806402 0.00105958	-0.351767 0.116137 2.28468 0.996741 -0.000141283 0.0806599 0.00108962	0.049086	0.049088
-0.351767 0.116137 2.28468 0.996741 -0.000141283 0.0806599 0.00108962	-0.352389 0.116019 2.2892 0.996743 -0.000136696 0.0806328 0.0010616	0.049086	0.049087
-0.352389 0.116019 2.2892 0.996743 -0.000136696 0.0806328 0.0010616	-0.35413 0.116046 2.29591 0.996732 -0.000139884 0.0807708 0.00106434	0.07272	0.072722
-0.35413 0.116046 2.29591 0.996732 -0.000139884 0.0807708 0.00106434	-0.35467 0.116033 2.30045 0.996736 -0.000138563 0.0807278 0.00105993	0.047268	0.047269
-0.35467 0.116033 2.30045 0.996736 -0.000138563 0.0807278 0.00105993	-0.356017 0.116082 2.30486 0.996725 -0.000144991 0.0808606 0.00106792	0.049086	0.049087
-0.356017 0.116082 2.30486 0.996725 -0.000144991 0.0808606 0.00106792	-0.356643 0.116067 2.30938 0.996727 -0.000149343 0.0808385 0.00106268	0.049086	0.049088
-0.356643 0.116067 2.30938 0.996727 -0.000149343 0.0808385 0.00106268	-0.357386 0.115984 2.31396 0.996727 -0.00014366 0.0808357 0.00104301	0.049086	0.049087
-0.357386 0.115984 2.31396 0.996727 -0.00014366 0.0808357 0.00104301	-0.358487 0.116075 2.32076 0.996727 -0.000150129 0.080835 0.00105934	0.070902	0.070904
-0.358487 0.116075 2.32076 0.996727 -0.000150129 0.080835 0.00105934	-0.358277 0.11615 2.32308 0.996737 -0.000150518 0.0807137 0.00107495	0.025452	0.025452
-0.358277 0.11615 2.32308 0.996737 -0.000150518 0.0807137 0.00107495	-0.359109 0.116306 2.32989 0.996741 -0.000149573 0.0806547 0.00110535	0.07272	0.072722
-0.359109 0.116306 2.32989 0.996741 -0.000149573 0.0806547 0.00110535	-0.359626 0.116269 2.33215 0.996739 -0.00014924 0.0806847 0.00109677	0.023634	0.023635
-0.359626 0.116269 2.33215 0.996739 -0.00014924 0.0806847 0.00109677	-0.360302 0.116089 2.33666 0.99674 -0.000146784 0.0806737 0.00105576	0.049086	0.049087
-0.360302 0.116089 2.33666 0.99674 -0.000146784 0.0806737 0.00105576	-0.361407 0.116214 2.34116 0.996734 -0.000149511 0.0807501 0.00108079	0.049086	0.049087
-0.361407 0.116214 2.34116 0.996734 -0.000149511 0.0807501 0.00108079	-0.36259 0.116421 2.34563 0.996726 -0.000162163 0.0808452 0.00112204	0.047268	0.047269
-0.36259 0.116421 2.34563 0.996726 -0.000162163 0.0808452 0.00112204	-0.363882 0.11629 2.35003 0.996716 -0.000161163 0.0809646 0.00109224	0.049086	0.049088
-0.363882 0.11629 2.35003 0.996716 -0.000161163 0.0809646 0.00109224	-0.363936 0.116328 2.35468 0.996728 -0.000162659 0.0808192 0.00109868	0.047268	0.047269
-0.363936 0.116328 2.35468 0.996728 -0.000162659 0.0808192 0.00109868	-0.369267 0.115701 2.3605 0.996655 -0.000150184 0.0817198 0.000963493	0.07272	0.072722
-0.369267 0.115701 2.3605 0.996655 -0.000150184 0.0817198 0.000963493	-0.370138 0.115768 2.36242 0.996645 -0.000156785 0.0818346 0.000975533	0.025452	0.025452
-0.370138 0.115768 2.36242 0.996645 -0.000156785 0.0818346 0.000975533	-0.36867 0.115874 2.36925 0.996689 -0.000150019 0.081301 0.000994607	0.07272	0.072722
-0.36867 0.115874 2.36925 0.996689 -0.000150019 0.081301 0.000994607	-0.369705 0.115831 2.37605 0.99669 -0.000151699 0.0812859 0.000982686	0.07272	0.072722
-0.369705 0.115831 2.37605 0.99669 -0.000151699 0.0812859 0.000982686	-0.370721 0.115989 2.38052 0.996686 -0.000158045 0.081343 0.00101368	0.047267	0.047269
-0.370721 0.115989 2.38052 0.996686 -0.000158045 0.081343 0.00101368	-0.37144 0.115803 2.38735 0.996692 -0.000153151 0.081261 0.000972196	0.07272	0.072722
-0.37144 0.115803 2.38735 0.996692 -0.000153151 0.081261 0.000972196	-0.372629 0.115929 2.39417 0.996691 -0.000159956 0.0812761 0.000994964	0.074538	0.07454
-0.372629 0.115929 2.39417 0.996691 -0.000159956 0.0812761 0.000994964	-0.373322 0.116135 2.39633 0.996686 -0.000162561 0.0813432 0.00103776	0.023634	0.023634
-0.373322 0.116135 2.39633 0.996686 -0.000162561 0.0813432 0.00103776	-0.37412 0.115977 2.40089 0.996685 -0.00016124 0.0813551 0.00100307	0.047268	0.047269
-0.37412 0.115977 2.40089 0.996685 -0.00016124 0.0813551 0.00100307	-0.374788 0.115998 2.4077 0.996692 -0.000158967 0.081264 0.00100522	0.07272	0.072722
-0.374788 0.115998 2.4077 0.996692 -0.000158967 0.081264 0.00100522	-0.375235 0.11588 2.40993 0.996691 -0.000155414 0.0812794 0.000979944	0.025452	0.025453
-0.375235 0.11588 2.40993 0.996691 -0.000155414 0.0812794 0.000979944	-0.376694 0.116229 2.41673 0.996685 -0.000167511 0.0813504 0.00104861	0.07272	0.072721
-0.376694 0.116229 2.41673 0.996685 -0.000167511 0.0813504 0.00104861	-0.377418 0.116218 2.4189 0.996679 -0.000169539 0.0814241 0.00104527	0.023634	0.023635
-0.377418 0.116218 2.4189 0.996679 -0.000169539 0.0814241 0.00104527	-0.378888 0.116229 2.4256 0.996673 -0.000174623 0.0814966 0.00104456	0.072719	0.072721
-0.378888 0.116229 2.4256 0.996673 -0.000174623 0.0814966 0.00104456	-0.379669 0.116013 2.4301 0.996673 -0.000167265 0.0815034 0.000999256	0.049089	0.049091
-0.379669 0.116013 2.4301 0.996673 -0.000167265 0.0815034 0.000999256	-0.380736 0.116014 2.43927 0.996679 -0.00016821 0.0814186 0.000996037	0.096351	0.096354
-0.380736 0.116014 2.43927 0.996679 -0.00016821 0.0814186 0.000996037	-0.381924 0.116202 2.44368 0.996672 -0.000173715 0.0815098 0.00103216	0.049086	0.049087
-0.381924 0.116202 2.44368 0.996672 -0.000173715 0.0815098 0.00103216	-0.382482 0.11611 2.45058 0.996681 -0.00017167 0.0813957 0.0010107	0.07272	0.072722
-0.382482 0.11611 2.45058 0.996681 -0.00017167 0.0813957 0.0010107	-0.384254 0.116211 2.45951 0.996677 -0.000172962 0.081454 0.00102787	0.096353	0.096356
-0.384254 0.116211 2.45951 0.996677 -0.000172962 0.081454 0.00102787	-0.384186 0.11621 2.46185 0.996684 -0.000174181 0.0813653 0.0010262	0.023634	0.023635
-0.384186 0.11621 2.46185 0.996684 -0.000174181 0.0813653 0.0010262	-0.385474 0.116348 2.46861 0.996681 -0.000181527 0.0813992 0.00105099	0.07272	0.072722
-0.385474 0.116348 2.46861 0.996681 -0.000181527 0.0813992 0.00105099	-0.387134 0.116171 2.47537 0.996672 -0.000181507 0.0815078 0.00101261	0.074538	0.07454
-0.387134 0.116171 2.47537 0.996672 -0.000181507 0.0815078 0.00101261	-0.388245 0.116166 2.4798 0.996666 -0.00018309 0.0815832 0.00100987	0.047268	0.047269
-0.388245 0.116166 2.4798 0.996666 -0.00018309 0.0815832 0.00100987	-0.389546 0.116202 2.48417 0.996657 -0.000182836 0.0816968 0.00101618	0.049085	0.049087
-0.389546 0.116202 2.48417 0.996657 -0.000182836 0.0816968 0.00101618	-0.39016 0.116196 2.48878 0.996659 -0.000181165 0.0816672 0.0010132	0.049086	0.049087
-0.39016 0.116196 2.48878 0.996659 -0.000181165 0.0816672 0.0010132	-0.391504 0.11637 2.4978 0.996661 -0.000187711 0.0816408 0.00104384	0.096354	0.096357
-0.391504 0.11637 2.4978 0.996661 -0.000187711 0.0816408 0.00104384	-0.392199 0.116366 2.50001 0.996656 -0.000190798 0.081704 0.00104181	0.023633	0.023635
-0.392199 0.116366 2.50001 0.996656 -0.000190798 0.081704 0.00104181	-0.39309 0.116371 2.50449 0.996654 -0.000192777 0.0817331 0.00104122	0.049086	0.049087
-0.39309 0.116371 2.50449 0.996654 -0.000192777 0.0817331 0.00104122	-0.394056 0.116278 2.509 0.99665 -0.000190462 0.0817768 0.00102119	0.047268	0.047269
-0.394056 0.116278 2.509 0.99665 -0.000190462 0.0817768 0.00102119	-0.394507 0.116347 2.51352 0.996655 -0.000191939 0.0817214 0.00103299	0.049086	0.049088
-0.394507 0.116347 2.51352 0.996655 -0.000191939 0.0817214 0.00103299	-0.39538 0.116493 2.52036 0.996659 -0.000196882 0.0816703 0.00105886	0.072719	0.072721
-0.39538 0.116493 2.52036 0.996659 -0.000196882 0.0816703 0.00105886	-0.396697 0.116433 2.52712 0.996656 -0.00019706 0.0817103 0.00104479	0.07272	0.072722
-0.396697 0.116433 2.52712 0.996656 -0.00019706 0.0817103 0.00104479	-0.398658 0.116349 2.53373 0.996642 -0.00019771 0.0818762 0.0010256	0.072719	0.072722
-0.398658 0.116349 2.53373 0.996642 -0.00019771 0.0818762 0.0010256	-0.399706 0.116477 2.54055 0.996643 -0.000199524 0.0818617 0.00104825	0.07272	0.072722
-0.399706 0.116477 2.54055 0.996643 -0.000199524 0.0818617 0.00104825	-0.403945 0.115981 2.54665 0.996592 -0.000190625 0.0824801 0.00094895	0.072719	0.072722
-0.403945 0.115981 2.54665 0.996592 -0.000190625 0.0824801 0.00094895	-0.408039 0.115937 2.5501 0.996536 -0.000212451 0.0831503 0.000935956	0.049086	0.049088
-0.408039 0.115937 2.5501 0.996536 -0.000212451 0.0831503 0.000935956	-0.409321 0.115559 2.55444 0.996528 -0.000216876 0.0832551 0.000859781	0.047268	0.047269
-0.409321 0.115559 2.55444 0.996528 -0.000216876 0.0832551 0.000859781	-0.406585 0.11597 2.56151 0.99659 -0.00019366 0.0825102 0.000939055	0.074537	0.07454
-0.406585 0.11597 2.56151 0.99659 -0.00019366 0.0825102 0.000939055	-0.40709 0.116085 2.56831 0.9966 -0.000194897 0.0823914 0.000959559	0.070902	0.070904
-0.40709 0.116085 2.56831 0.9966 -0.000194897 0.0823914 0.000959559	-0.408273 0.115893 2.57273 0.996593 -0.000193772 0.0824761 0.00092022	0.049086	0.049088
-0.408273 0.115893 2.57273 0.996593 -0.000193772 0.0824761 0.00092022	-0.409586 0.11591 2.57715 0.996584 -0.000197992 0.082584 0.000921531	0.049085	0.049087
-0.409586 0.11591 2.57715 0.996584 -0.000197992 0.082584 0.000921531	-0.410579 0.116255 2.58167 0.99658 -0.000205915 0.0826297 0.000986262	0.047268	0.047269
-0.410579 0.116255 2.58167 0.99658 -0.000205915 0.0826297 0.000986262	-0.411465 0.116428 2.58844 0.996584 -0.00020762 0.0825825 0.00101738	0.072719	0.072722
-0.411465 0.116428 2.58844 0.996584 -0.00020762 0.0825825 0.00101738	-0.411183 0.116229 2.59316 0.9966 -0.000202966 0.0823853 0.000977917	0.049086	0.049088
-0.411183 0.116229 2.59316 0.9966 -0.000202966 0.0823853 0.000977917	-0.413802 0.116332 2.60199 0.996582 -0.000211801 0.0825998 0.000993653	0.096353	0.096357
-0.413802 0.116332 2.60199 0.996582 -0.000211801 0.0825998 0.000993653	-0.41476 0.116315 2.60413 0.996573 -0.000212609 0.0827099 0.000989719	0.025452	0.025452
-0.41476 0.116315 2.60413 0.996573 -0.000212609 0.0827099 0.000989719	-0.415542 0.116461 2.61098 0.996579 -0.000216292 0.082645 0.00101571	0.07272	0.072723
-0.415542 0.116461 2.61098 0.996579 -0.000216292 0.082645 0.00101571	-0.416153 0.116383 2.61318 0.996575 -0.000215489 0.0826887 0.000999971	0.023634	0.023634
-0.416153 0.116383 2.61318 0.996575 -0.000215489 0.0826887 0.000999971	-0.416888 0.116349 2.61769 0.996575 -0.000212531 0.0826837 0.000992222	0.049085	0.049088
-0.416888 0.116349 2.61769 0.996575 -0.000212531 0.0826837 0.000992222	-0.417644 0.11614 2.62453 0.996581 -0.000209599 0.0826156 0.000950142	0.07272	0.072722
-0.417644 0.11614 2.62453 0.996581 -0.000209599 0.0826156 0.000950142	-0.419558 0.116358 2.6312 0.996569 -0.00021983 0.0827622 0.000988408	0.072719	0.072722
-0.419558 0.116358 2.6312 0.996569 -0.00021983 0.0827622 0.000988408	-0.420169 0.116489 2.63346 0.996565 -0.000223941 0.0828052 0.00101213	0.023634	0.023635
-0.420169 0.116489 2.63346 0.996565 -0.000223941 0.0828052 0.00101213	-0.421545 0.11657 2.64015 0.996561 -0.000225535 0.0828536 0.00102489	0.07272	0.072722
-0.421545 0.11657 2.64015 0.996561 -0.000225535 0.0828536 0.00102489	-0.421696 0.116639 2.64243 0.996565 -0.000227002 0.0828097 0.00103728	0.023633	0.023635
-0.421696 0.116639 2.64243 0.996565 -0.000227002 0.0828097 0.00103728	-0.423067 0.116359 2.64916 0.996561 -0.000221928 0.0828546 0.000982209	0.07272	0.072722
-0.423067 0.116359 2.64916 0.996561 -0.000221928 0.0828546 0.000982209	-0.423951 0.116323 2.65364 0.996559 -0.000223067 0.0828781 0.000973626	0.049086	0.049087
-0.423951 0.116323 2.65364 0.996559 -0.000223067 0.0828781 0.000973626	-0.425732 0.116403 2.66267 0.996555 -0.000227135 0.082929 0.000985189	0.096353	0.096357
-0.425732 0.116403 2.66267 0.996555 -0.000227135 0.082929 0.000985189	-0.426192 0.116433 2.66954 0.996565 -0.000230114 0.0828037 0.000988289	0.07272	0.072722
-0.426192 0.116433 2.66954 0.996565 -0.000230114 0.0828037 0.000988289	-0.427943 0.116606 2.67618 0.996556 -0.000233151 0.0829184 0.00101821	0.072719	0.072723
-0.427943 0.116606 2.67618 0.996556 -0.000233151 0.0829184 0.00101821	-0.429191 0.116449 2.68068 0.996548 -0.000233312 0.08301 0.000987573	0.049086	0.049087
-0.429191 0.116449 2.68068 0.996548 -0.000233312 0.08301 0.000987573	-0.430419 0.116531 2.68506 0.996541 -0.000236628 0.0830984 0.00100069	0.049085	0.049087
-0.430419 0.116531 2.68506 0.996541 -0.000236628 0.0830984 0.00100069	-0.430954 0.116808 2.68967 0.996544 -0.000243415 0.0830546 0.00105052	0.049086	0.049088
-0.430954 0.116808 2.68967 0.996544 -0.000243415 0.0830546 0.00105052	-0.432115 0.11657 2.69409 0.996538 -0.000242648 0.0831302 0.00100438	0.047268	0.047269
-0.432115 0.11657 2.69409 0.996538 -0.000242648 0.0831302 0.00100438	-0.433306 0.116745 2.69855 0.996531 -0.000245637 0.0832098 0.00103573	0.049086	0.049088
-0.433306 0.116745 2.69855 0.996531 -0.000245637 0.0832098 0.00103573	-0.434922 0.116684 2.70519 0.996524 -0.000244207 0.083298 0.00102238	0.072719	0.072722
-0.434922 0.116684 2.70519 0.996524 -0.000244207 0.083298 0.00102238	-0.435082 0.116436 2.71211 0.996539 -0.000238969 0.0831207 0.000974818	0.07272	0.072722
-0.435082 0.116436 2.71211 0.996539 -0.000238969 0.0831207 0.000974818	-0.435822 0.116319 2.71432 0.996534 -0.000237863 0.0831863 0.000952407	0.023634	0.023635
-0.435822 0.116319 2.71432 0.996534 -0.000237863 0.0831863 0.000952407	-0.436979 0.116439 2.71881 0.996528 -0.000242689 0.083258 0.000972434	0.049086	0.049087
-0.436979 0.116439 2.71881 0.996528 -0.000242689 0.083258 0.000972434	-0.437592 0.116747 2.72561 0.996535 -0.000250423 0.0831641 0.00102596	0.072719	0.072723
-0.437592 0.116747 2.72561 0.996535 -0.000250423 0.0831641 0.00102596	-0.438918 0.117027 2.73236 0.996532 -0.000256063 0.0831994 0.00107436	0.07272	0.072722
-0.438918 0.117027 2.73236 0.996532 -0.000256063 0.0831994 0.00107436	-0.44666 0.117083 2.7372 0.996429 -0.000258585 0.0844285 0.00108103	0.07272	0.072722
-0.44666 0.117083 2.7372 0.996429 -0.000258585 0.0844285 0.00108103	-0.446625 0.116513 2.74151 0.996441 -0.000245257 0.0842907 0.000975175	0.047267	0.047269
-0.446625 0.116513 2.74151 0.996441 -0.000245257 0.0842907 0.000975175	-0.447503 0.116506 2.74572 0.996438 -0.000246699 0.0843196 0.000971957	0.049086	0.049088
-0.447503 0.116506 2.74572 0.996438 -0.000246699 0.0843196 0.000971957	-0.448338 0.116506 2.75252 0.996443 -0.000249281 0.084262 0.000969692	0.07272	0.072722
-0.448338 0.116506 2.75252 0.996443 -0.000249281 0.084262 0.000969692	-0.448757 0.116492 2.75478 0.996443 -0.000251523 0.0842685 0.000966116	0.023634	0.023635
-0.448757 0.116492 2.75478 0.996443 -0.000251523 0.0842685 0.000966116	-0.449405 0.116475 2.7593 0.996444 -0.000252774 0.0842496 0.000961705	0.049086	0.049087
-0.449405 0.116475 2.7593 0.996444 -0.000252774 0.0842496 0.000961705	-0.450387 0.11642 2.76376 0.996441 -0.000252446 0.0842868 0.000950022	0.049086	0.049087
-0.450387 0.11642 2.76376 0.996441 -0.000252446 0.0842868 0.000950022	-0.452107 0.116362 2.77046 0.996432 -0.000251709 0.0843886 0.000937744	0.072719	0.072722
-0.452107 0.116362 2.77046 0.996432 -0.000251709 0.0843886 0.000937744	-0.452915 0.116444 2.7772 0.996437 -0.000253684 0.0843294 0.000950261	0.07272	0.072723
-0.452915 0.116444 2.7772 0.996437 -0.000253684 0.0843294 0.000950261	-0.453586 0.11644 2.77944 0.996433 -0.000254713 0.0843786 0.000948592	0.023634	0.023634
-0.453586 0.11644 2.77944 0.996433 -0.000254713 0.0843786 0.000948592	-0.454162 0.11657 2.784 0.996436 -0.000259436 0.0843455 0.00097005	0.049086	0.049088
-0.454162 0.11657 2.784 0.996436 -0.000259436 0.0843455 0.00097005	-0.455076 0.116654 2.78849 0.996434 -0.000261787 0.0843692 0.00098364	0.047268	0.047269
-0.455076 0.116654 2.78849 0.996434 -0.000261787 0.0843692 0.00098364	-0.456388 0.116667 2.79527 0.996432 -0.000261039 0.0843986 0.000983759	0.074538	0.07454
-0.456388 0.116667 2.79527 0.996432 -0.000261039 0.0843986 0.000983759	-0.457615 0.116508 2.79972 0.996425 -0.000259455 0.084479 0.000953956	0.047268	0.047269
-0.457615 0.116508 2.79972 0.996425 -0.000259455 0.084479 0.000953956	-0.459582 0.116313 2.80628 0.996412 -0.000258715 0.0846254 0.000917001	0.07272	0.072722
-0.459582 0.116313 2.80628 0.996412 -0.000258715 0.0846254 0.000917001	-0.460396 0.116465 2.81078 0.996412 -0.000262513 0.0846338 0.000942512	0.049085	0.049088
-0.460396 0.116465 2.81078 0.996412 -0.000262513 0.0846338 0.000942512	-0.461681 0.116391 2.81519 0.996404 -0.000264425 0.0847242 0.00092773	0.047268	0.047269
-0.461681 0.116391 2.81519 0.996404 -0.000264425 0.0847242 0.00092773	-0.461329 0.116661 2.81991 0.996421 -0.000270458 0.0845255 0.000973626	0.049086	0.049087
-0.461329 0.116661 2.81991 0.996421 -0.000270458 0.0845255 0.000973626	-0.462355 0.11669 2.82433 0.996417 -0.00027175 0.0845726 0.000977202	0.049086	0.049088
-0.462355 0.11669 2.82433 0.996417 -0.00027175 0.0845726 0.000977202	-0.463716 0.116618 2.8288 0.996408 -0.000271202 0.0846747 0.000963135	0.047268	0.047269
-0.463716 0.116618 2.8288 0.996408 -0.000271202 0.0846747 0.000963135	-0.464997 0.116726 2.83551 0.996406 -0.000273021 0.0846972 0.000980182	0.07272	0.072722
-0.464997 0.116726 2.83551 0.996406 -0.000273021 0.0846972 0.000980182	-0.465715 0.116697 2.84003 0.996407 -0.000272106 0.0846898 0.000973626	0.049086	0.049087
-0.465715 0.116697 2.84003 0.996407 -0.000272106 0.0846898 0.000973626	-0.467101 0.116651 2.84444 0.996398 -0.000273746 0.0847943 0.000963612	0.049086	0.049088
-0.467101 0.116651 2.84444 0.996398 -0.000273746 0.0847943 0.000963612	-0.468684 0.116734 2.85112 0.996391 -0.000278849 0.0848712 0.000975772	0.07272	0.072722
-0.468684 0.116734 2.85112 0.996391 -0.000278849 0.0848712 0.000975772	-0.469652 0.116741 2.85561 0.996389 -0.000279522 0.0849046 0.000975652	0.047268	0.047269
-0.469652 0.116741 2.85561 0.996389 -0.000279522 0.0849046 0.000975652	-0.470552 0.116738 2.86245 0.996392 -0.00027962 0.0848592 0.00097303	0.074538	0.07454
-0.470552 0.116738 2.86245 0.996392 -0.00027962 0.0848592 0.00097303	-0.472524 0.11656 2.8691 0.996381 -0.000277635 0.0849993 0.00093989	0.07272	0.072722
-0.472524 0.11656 2.8691 0.996381 -0.000277635 0.0849993 0.00093989	-0.473736 0.11651 2.87351 0.996374 -0.000279112 0.085075 0.000929757	0.047268	0.047269
-0.473736 0.11651 2.87351 0.996374 -0.000279112 0.085075 0.000929757	-0.474095 0.116475 2.87803 0.99638 -0.000278455 0.0850056 0.000922366	0.049086	0.049087
-0.474095 0.116475 2.87803 0.99638 -0.000278455 0.0850056 0.000922366	-0.474827 0.116676 2.88256 0.996381 -0.00028311 0.0849964 0.000955268	0.047268	0.04727
-0.474827 0.116676 2.88256 0.996381 -0.00028311 0.0849964 0.000955268	-0.476035 0.116753 2.88933 0.99638 -0.00028645 0.085006 0.000966235	0.07272	0.072721
-0.476035 0.116753 2.88933 0.99638 -0.00028645 0.085006 0.000966235	-0.47742 0.116729 2.89377 0.996371 -0.000288713 0.08511 0.000960274	0.049086	0.049088
-0.47742 0.116729 2.89377 0.996371 -0.000288713 0.08511 0.000960274	-0.478002 0.11683 2.89822 0.996374 -0.000289768 0.0850802 0.000976249	0.049086	0.049087
-0.478002 0.11683 2.89822 0.996374 -0.000289768 0.0850802 0.000976249	-0.479405 0.116568 2.90266 0.996365 -0.000286386 0.0851851 0.000929757	0.047268	0.047269
-0.479405 0.116568 2.90266 0.996365 -0.000286386 0.0851851 0.000929757	-0.480665 0.116564 2.90712 0.996358 -0.000288322 0.0852683 0.000927373	0.049086	0.049087
-0.480665 0.116564 2.90712 0.996358 -0.000288322 0.0852683 0.000927373	-0.481447 0.116617 2.91155 0.996357 -0.000289034 0.0852716 0.00093524	0.049086	0.049088
-0.481447 0.116617 2.91155 0.996357 -0.000289034 0.0852716 0.00093524	-0.481815 0.116657 2.91847 0.996369 -0.000290788 0.0851349 0.000940009	0.07272	0.072722
-0.481815 0.116657 2.91847 0.996369 -0.000290788 0.0851349 0.000940009	-0.482622 0.116545 2.92067 0.996363 -0.000290101 0.0852048 0.000920339	0.023634	0.023634
-0.482622 0.116545 2.92067 0.996363 -0.000290101 0.0852048 0.000920339	-0.489864 0.116406 2.9234 0.996266 -0.000283881 0.0863313 0.000895305	0.049086	0.049087
-0.489864 0.116406 2.9234 0.996266 -0.000283881 0.0863313 0.000895305	-0.492095 0.116404 2.9269 0.996243 -0.000288529 0.0865984 0.000891491	0.047268	0.04727
-0.492095 0.116404 2.9269 0.996243 -0.000288529 0.0865984 0.000891491	-0.494091 0.116575 2.93108 0.996225 -0.00029563 0.0868082 0.00091879	0.049085	0.049087
-0.494091 0.116575 2.93108 0.996225 -0.00029563 0.0868082 0.00091879	-0.494552 0.116667 2.93544 0.996229 -0.000294893 0.0867575 0.000933214	0.049086	0.049087
